Molmo 

Blur

Model	Ablation_Level	CIDEr_Score_mean	CIDEr_Score_median	CIDEr_Score_var	CIDEr_Score_skew	SPICE_Score_mean	SPICE_Score_median	SPICE_Score_var	SPICE_Score_skew	METEOR_Score_mean	METEOR_Score_median	METEOR_Score_var	METEOR_Score_skew	CLIPScore_Score_mean	CLIPScore_Score_median	CLIPScore_Score_var	CLIPScore_Score_skew
0	Molmo2	0	0.451184	0.34835	0.154985	1.971764	0.203130	0.1935	0.010407	0.586515	0.381991	0.3713	0.029193	0.408654	0.322114	0.3220	0.001059	0.017491
1	Molmo2	31	0.395785	0.28835	0.152851	1.967511	0.172823	0.1622	0.011036	0.640980	0.373351	0.3646	0.028216	0.444218	0.298249	0.3008	0.001643	-0.462384
2	Molmo2	61	0.325279	0.20815	0.137999	2.097252	0.142126	0.1290	0.010932	0.721937	0.349853	0.3358	0.028120	0.530437	0.279089	0.2854	0.002534	-0.551119
3	Molmo2	91	0.218448	0.09015	0.098989	2.797494	0.098947	0.0714	0.009433	1.070798	0.291409	0.2719	0.025954	0.696656	0.252180	0.2581	0.003198	-0.339929

Noise 
Model	Ablation_Level	CIDEr_Score_mean	CIDEr_Score_median	CIDEr_Score_var	CIDEr_Score_skew	SPICE_Score_mean	SPICE_Score_median	SPICE_Score_var	SPICE_Score_skew	METEOR_Score_mean	METEOR_Score_median	METEOR_Score_var	METEOR_Score_skew	CLIPScore_Score_mean	CLIPScore_Score_median	CLIPScore_Score_var	CLIPScore_Score_skew
0	Molmo2	0	0.451184	0.34835	0.154985	1.971764	0.203130	0.1935	0.010407	0.586515	0.381991	0.37130	0.029193	0.408654	0.322114	0.32200	0.001059	0.017491
1	Molmo2	80	0.425999	0.32675	0.157979	1.994949	0.184636	0.1739	0.010632	0.639636	0.385403	0.37535	0.028276	0.367059	0.308319	0.31080	0.001569	-0.527730
2	Molmo2	160	0.253129	0.12670	0.111390	2.594659	0.112921	0.0952	0.009682	0.885524	0.314741	0.30740	0.025665	0.543182	0.256405	0.26475	0.003679	-0.474549
3	Molmo2	240	0.102027	0.00630	0.046071	4.120300	0.051598	0.0000	0.005558	1.703884	0.217951	0.18070	0.022654	0.819290	0.199287	0.19460	0.003954	0.290443

Gemma


Blur


Model	Ablation_Level	CIDEr_Score_mean	CIDEr_Score_median	CIDEr_Score_var	CIDEr_Score_skew	SPICE_Score_mean	SPICE_Score_median	SPICE_Score_var	SPICE_Score_skew	METEOR_Score_mean	METEOR_Score_median	METEOR_Score_var	METEOR_Score_skew	CLIPScore_Score_mean	CLIPScore_Score_median	CLIPScore_Score_var	CLIPScore_Score_skew
0	Gemma4B	0	0.424196	0.32535	0.157292	2.108102	0.161644	0.1481	0.009718	0.818940	0.373100	0.3647	0.027743	0.481484	0.317537	0.31690	0.001018	0.007632
1	Gemma4B	31	0.271789	0.16170	0.112100	2.362863	0.108551	0.0870	0.008447	0.961194	0.295232	0.2808	0.025904	0.707770	0.284905	0.28740	0.001572	-0.322720
2	Gemma4B	61	0.162420	0.05130	0.066375	2.815642	0.072585	0.0606	0.006349	1.232953	0.228263	0.1852	0.022125	1.045608	0.258601	0.26000	0.002117	-0.147498
3	Gemma4B	91	0.085300	0.00320	0.034931	4.249379	0.044702	0.0000	0.004320	1.788354	0.170561	0.1250	0.016226	1.362380	0.235129	0.23345	0.002121	0.062789

Noise 


Model	Ablation_Level	CIDEr_Score_mean	CIDEr_Score_median	CIDEr_Score_var	CIDEr_Score_skew	SPICE_Score_mean	SPICE_Score_median	SPICE_Score_var	SPICE_Score_skew	METEOR_Score_mean	METEOR_Score_median	METEOR_Score_var	METEOR_Score_skew	CLIPScore_Score_mean	CLIPScore_Score_median	CLIPScore_Score_var	CLIPScore_Score_skew
0	Gemma4B	0	0.424196	0.32535	0.157292	2.108102	0.161644	0.1481	0.009718	0.818940	0.373100	0.3647	0.027743	0.481484	0.317537	0.31690	0.001018	0.007632
1	Gemma4B	80	0.295554	0.19275	0.114272	2.016767	0.116592	0.1053	0.008543	0.770847	0.320751	0.3125	0.026220	0.570582	0.286102	0.29080	0.002050	-0.495370
2	Gemma4B	160	0.115727	0.01090	0.046305	3.176121	0.054503	0.0000	0.005089	1.506613	0.214714	0.1667	0.018074	1.226508	0.236447	0.23680	0.002723	-0.112174
3	Gemma4B	240	0.031003	0.00120	0.012295	6.697268	0.022203	0.0000	0.001971	2.712416	0.145810	0.1220	0.007986	2.020489	0.202371	0.20175	0.002097	0.023166
